March 31 4 82 62 11 35 40 17 68 5 76 29 81 99 70 31 33 95 26 25 100 57 96 98 46 87 22 61 47 58 64 13 
April 30 11 27 87 95 92 37 38 50 2 70 40 3 82 45 32 41 89 80 94 31 66 1 36 33 4 15 67 65 91 73
May 31 76 63 64 39 94 77 93 69 36 34 66 43 86 70 68 22 61 100 8 54 58 23 88 79 71 17 21 10 80 90 33
June 30 70 71 14 25 59 18 67 76 45 39 100 69 30 57 74 22 73 56 93 4 49 28 27 7 61 24 77 58 63 38
July 31 64 70 36 66 38 48 89 47 39 49 32 90 30 91 76 57 72 53 35 23 10 8 77 95 71 99 4 74 33 67 18
August 31 7 71 78 97 76 8 19 51 89 33 91 38 32 80 65 29 53 47 42 11 70 18 88 84 86 1 31 69 57 48 81
September 31 88 35 48 17 83 36 69 3 63 27 34 43 81 15 5 61 12 60 90 41 20 18 24 59 29 65 21 19 84 55 46
October 31 84 57 38 88 28 55 59 8 61 71 80 9 16 53 5 62 65 14 70 0 6 25 56 27 63 85 31 4 15 26 33
November 30 54 21 1 82 4 86 25 51 42 52 62 3 58 24 59 29 19 68 88 41 35 18 13 81 33 65 38 55 39 26
December 31 63 48 5 73 12 21 56 15 47 35 43 4 28 58 19 52 42 10 65 24 87 81 1 68 16 66 59 36 17 23 46
January 31 88 67 16 32 71 21 22 43 57 38 40 76 64 24 82 39 26 2 72 48 79 56 90 18 10 77 84 89 85 12 50
Febraury 28 44 33 0 77 79 36 39 71 38 59 11 21 70 46 74 23 86 50 51 30 80 18 28 66 47 22 78 4